5.830585E-01 1.100196E-02
5.830534E-01 1.100395E-02
5.830463E-01 1.100595E-02
5.830402E-01 1.100794E-02
5.830360E-01 1.100993E-02
5.830302E-01 1.101193E-02
5.830250E-01 1.101392E-02
5.830219E-01 1.101591E-02
5.830175E-01 1.101791E-02
5.830132E-01 1.101990E-02
5.830113E-01 1.102189E-02
5.830084E-01 1.102389E-02
5.830051E-01 1.102588E-02
5.830043E-01 1.102787E-02
5.830029E-01 1.102986E-02
5.830005E-01 1.103186E-02
5.830001E-01 1.103385E-02
5.829997E-01 1.103584E-02
5.829980E-01 1.103784E-02
5.829987E-01 1.103983E-02
5.829998E-01 1.104182E-02
5.829994E-01 1.104381E-02
5.830011E-01 1.104581E-02
5.830037E-01 1.104780E-02
5.830046E-01 1.104979E-02
5.830067E-01 1.105178E-02
5.830102E-01 1.105378E-02
5.830121E-01 1.105577E-02
5.830150E-01 1.105776E-02
5.830198E-01 1.105976E-02
5.830232E-01 1.106175E-02
5.830271E-01 1.106374E-02
5.830331E-01 1.106574E-02
5.830376E-01 1.106773E-02
5.830418E-01 1.106972E-02
5.830484E-01 1.107172E-02
5.830544E-01 1.107371E-02
5.830596E-01 1.107571E-02
5.830672E-01 1.107770E-02
5.830744E-01 1.107969E-02
5.830800E-01 1.108169E-02
5.830879E-01 1.108368E-02
5.830964E-01 1.108568E-02
5.831031E-01 1.108767E-02
5.831114E-01 1.108967E-02
5.831205E-01 1.109166E-02
5.831280E-01 1.109366E-02
5.831368E-01 1.109565E-02
5.831471E-01 1.109765E-02
5.831553E-01 1.109965E-02
5.831641E-01 1.110164E-02
5.831750E-01 1.110364E-02
5.831845E-01 1.110563E-02
5.831937E-01 1.110763E-02
5.832049E-01 1.110963E-02
5.832151E-01 1.111163E-02
5.832246E-01 1.111362E-02
5.832364E-01 1.111562E-02
5.832476E-01 1.111762E-02
5.832572E-01 1.111962E-02
5.832690E-01 1.112162E-02
5.832811E-01 1.112361E-02
5.832914E-01 1.112561E-02
5.833032E-01 1.112761E-02
5.833157E-01 1.112961E-02
5.833263E-01 1.113161E-02
5.833378E-01 1.113361E-02
5.833505E-01 1.113561E-02
5.833614E-01 1.113761E-02
5.833726E-01 1.113961E-02
5.833854E-01 1.114161E-02
5.833966E-01 1.114362E-02
5.834077E-01 1.114562E-02
5.834208E-01 1.114762E-02
5.834327E-01 1.114962E-02
5.834433E-01 1.115162E-02
5.834561E-01 1.115363E-02
5.834683E-01 1.115563E-02
5.834786E-01 1.115763E-02
5.834909E-01 1.115964E-02
5.835032E-01 1.116164E-02
5.835133E-01 1.116364E-02
5.835249E-01 1.116565E-02
5.835372E-01 1.116765E-02
5.835472E-01 1.116966E-02
5.835580E-01 1.117166E-02
5.835702E-01 1.117367E-02
5.835801E-01 1.117567E-02
5.835898E-01 1.117768E-02
5.836011E-01 1.117968E-02
5.836107E-01 1.118169E-02
5.836197E-01 1.118369E-02
5.836303E-01 1.118570E-02
5.836399E-01 1.118771E-02
5.836482E-01 1.118971E-02
5.836581E-01 1.119172E-02
5.836675E-01 1.119373E-02
5.836751E-01 1.119574E-02
5.836841E-01 1.119774E-02
5.836931E-01 1.119975E-02
5.836996E-01 1.120176E-02
5.837073E-01 1.120377E-02
5.837159E-01 1.120577E-02
5.837221E-01 1.120778E-02
5.837286E-01 1.120979E-02
5.837367E-01 1.121180E-02
5.837425E-01 1.121381E-02
5.837478E-01 1.121582E-02
5.837546E-01 1.121783E-02
5.837599E-01 1.121984E-02
5.837641E-01 1.122185E-02
5.837700E-01 1.122385E-02
5.837747E-01 1.122586E-02
5.837776E-01 1.122787E-02
5.837822E-01 1.122988E-02
5.837866E-01 1.123189E-02
5.837887E-01 1.123390E-02
5.837918E-01 1.123591E-02
5.837953E-01 1.123792E-02
5.837967E-01 1.123993E-02
5.837987E-01 1.124194E-02
5.838015E-01 1.124395E-02
5.838020E-01 1.124596E-02
5.838022E-01 1.124797E-02
5.838037E-01 1.124998E-02
5.838036E-01 1.125199E-02
5.838027E-01 1.125400E-02
5.838035E-01 1.125601E-02
5.838027E-01 1.125803E-02
5.838003E-01 1.126004E-02
5.837995E-01 1.126205E-02
5.837981E-01 1.126406E-02
5.837949E-01 1.126607E-02
5.837931E-01 1.126808E-02
5.837912E-01 1.127009E-02
5.837869E-01 1.127210E-02
5.837834E-01 1.127411E-02
5.837806E-01 1.127612E-02
5.837753E-01 1.127812E-02
5.837704E-01 1.128013E-02
5.837671E-01 1.128214E-02
5.837617E-01 1.128415E-02
5.837557E-01 1.128616E-02
5.837513E-01 1.128817E-02
5.837451E-01 1.129018E-02
5.837378E-01 1.129219E-02
5.837321E-01 1.129420E-02
5.837254E-01 1.129621E-02
5.837169E-01 1.129822E-02
5.837100E-01 1.130022E-02
5.837028E-01 1.130223E-02
5.836938E-01 1.130424E-02
5.836862E-01 1.130625E-02
5.836790E-01 1.130826E-02
5.836695E-01 1.131026E-02
5.836606E-01 1.131227E-02
5.836528E-01 1.131428E-02
5.836427E-01 1.131628E-02
5.836327E-01 1.131829E-02
5.836242E-01 1.132030E-02
5.836138E-01 1.132230E-02
5.836028E-01 1.132431E-02
5.835935E-01 1.132631E-02
5.835830E-01 1.132832E-02
5.835711E-01 1.133033E-02
5.835611E-01 1.133233E-02
5.835505E-01 1.133434E-02
5.835381E-01 1.133634E-02
5.835272E-01 1.133834E-02
5.835166E-01 1.134035E-02
5.835038E-01 1.134235E-02
5.834922E-01 1.134436E-02
5.834815E-01 1.134636E-02
5.834687E-01 1.134836E-02
5.834564E-01 1.135036E-02
5.834456E-01 1.135237E-02
5.834330E-01 1.135437E-02
5.834201E-01 1.135637E-02
5.834092E-01 1.135837E-02
5.833970E-01 1.136038E-02
5.833838E-01 1.136238E-02
5.833726E-01 1.136438E-02
5.833609E-01 1.136638E-02
5.833476E-01 1.136838E-02
5.833362E-01 1.137038E-02
5.833250E-01 1.137238E-02
5.833120E-01 1.137438E-02
5.833003E-01 1.137638E-02
5.832897E-01 1.137838E-02
5.832772E-01 1.138038E-02
5.832653E-01 1.138237E-02
5.832552E-01 1.138437E-02
5.832434E-01 1.138637E-02
5.832316E-01 1.138837E-02
5.832218E-01 1.139037E-02
5.832108E-01 1.139236E-02
5.831987E-01 1.139436E-02
5.831886E-01 1.139636E-02
5.831782E-01 1.139836E-02
5.831664E-01 1.140035E-02
5.831567E-01 1.140235E-02
5.831473E-01 1.140434E-02
5.831363E-01 1.140634E-02
5.831269E-01 1.140834E-02
5.831186E-01 1.141033E-02
5.831086E-01 1.141233E-02
5.830994E-01 1.141432E-02
5.830918E-01 1.141632E-02
5.830823E-01 1.141831E-02
5.830732E-01 1.142030E-02
5.830662E-01 1.142230E-02
5.830582E-01 1.142429E-02
5.830497E-01 1.142629E-02
5.830436E-01 1.142828E-02
5.830370E-01 1.143027E-02
5.830290E-01 1.143227E-02
5.830230E-01 1.143426E-02
5.830174E-01 1.143625E-02
5.830103E-01 1.143825E-02
5.830051E-01 1.144024E-02
5.830010E-01 1.144223E-02
5.829950E-01 1.144423E-02
5.829900E-01 1.144622E-02
5.829867E-01 1.144821E-02
5.829819E-01 1.145020E-02
5.829776E-01 1.145220E-02
5.829757E-01 1.145419E-02
5.829725E-01 1.145618E-02
5.829688E-01 1.145817E-02
5.829674E-01 1.146016E-02
5.829655E-01 1.146216E-02
5.829627E-01 1.146415E-02
5.829622E-01 1.146614E-02
5.829617E-01 1.146813E-02
5.829597E-01 1.147012E-02
5.829597E-01 1.147212E-02
5.829607E-01 1.147411E-02
5.829601E-01 1.147610E-02
5.829605E-01 1.147809E-02
5.829626E-01 1.148008E-02
5.829632E-01 1.148208E-02
5.829646E-01 1.148407E-02
5.829679E-01 1.148606E-02
5.829697E-01 1.148805E-02
5.829715E-01 1.149004E-02
5.829759E-01 1.149204E-02
5.829795E-01 1.149403E-02
5.829822E-01 1.149602E-02
5.829871E-01 1.149801E-02
5.829920E-01 1.150000E-02
5.829955E-01 1.150200E-02
5.830009E-01 1.150399E-02
5.830069E-01 1.150598E-02
5.830115E-01 1.150798E-02
5.830178E-01 1.150997E-02
5.830253E-01 1.151196E-02
5.830309E-01 1.151396E-02
5.830375E-01 1.151595E-02
5.830459E-01 1.151794E-02
5.830526E-01 1.151994E-02
5.830596E-01 1.152193E-02
5.830688E-01 1.152392E-02
5.830766E-01 1.152592E-02
5.830840E-01 1.152791E-02
5.830938E-01 1.152991E-02
5.831028E-01 1.153190E-02
5.831107E-01 1.153390E-02
5.831208E-01 1.153589E-02
5.831309E-01 1.153789E-02
5.831394E-01 1.153988E-02
5.831498E-01 1.154188E-02
5.831609E-01 1.154388E-02
5.831700E-01 1.154587E-02
5.831805E-01 1.154787E-02
5.831925E-01 1.154987E-02
5.832024E-01 1.155186E-02
5.832130E-01 1.155386E-02
5.832255E-01 1.155586E-02
5.832363E-01 1.155786E-02
5.832470E-01 1.155985E-02
5.832599E-01 1.156185E-02
5.832716E-01 1.156385E-02
5.832822E-01 1.156585E-02
5.832948E-01 1.156785E-02
5.833069E-01 1.156985E-02
5.833177E-01 1.157185E-02
5.833303E-01 1.157385E-02
5.833431E-01 1.157585E-02
5.833542E-01 1.157785E-02
5.833667E-01 1.157985E-02
5.833798E-01 1.158185E-02
5.833908E-01 1.158385E-02
5.834028E-01 1.158585E-02
5.834162E-01 1.158785E-02
5.834276E-01 1.158986E-02
5.834392E-01 1.159186E-02
5.834528E-01 1.159386E-02
5.834646E-01 1.159586E-02
5.834759E-01 1.159787E-02
5.834889E-01 1.159987E-02
5.835007E-01 1.160187E-02
5.835117E-01 1.160388E-02
5.835246E-01 1.160588E-02
5.835365E-01 1.160788E-02
5.835468E-01 1.160989E-02
5.835586E-01 1.161189E-02
5.835703E-01 1.161390E-02
5.835802E-01 1.161590E-02
5.835916E-01 1.161791E-02
5.836034E-01 1.161992E-02
5.836128E-01 1.162192E-02
5.836231E-01 1.162393E-02
5.836347E-01 1.162593E-02
5.836441E-01 1.162794E-02
5.836537E-01 1.162995E-02
5.836646E-01 1.163195E-02
5.836735E-01 1.163396E-02
5.836818E-01 1.163597E-02
5.836920E-01 1.163798E-02
5.837009E-01 1.163998E-02
5.837086E-01 1.164199E-02
5.837180E-01 1.164400E-02
5.837263E-01 1.164601E-02
5.837328E-01 1.164802E-02
5.837410E-01 1.165003E-02
5.837486E-01 1.165204E-02
5.837543E-01 1.165404E-02
5.837617E-01 1.165605E-02
5.837692E-01 1.165806E-02
5.837743E-01 1.166007E-02
5.837802E-01 1.166208E-02
5.837868E-01 1.166409E-02
5.837910E-01 1.166610E-02
5.837955E-01 1.166811E-02
5.838012E-01 1.167012E-02
5.838045E-01 1.167213E-02
5.838079E-01 1.167414E-02
5.838130E-01 1.167615E-02
5.838162E-01 1.167816E-02
5.838185E-01 1.168017E-02
5.838224E-01 1.168218E-02
5.838248E-01 1.168420E-02
5.838257E-01 1.168621E-02
5.838284E-01 1.168822E-02
5.838300E-01 1.169023E-02
5.838297E-01 1.169224E-02
5.838309E-01 1.169425E-02
5.838317E-01 1.169626E-02
5.838304E-01 1.169827E-02
5.838302E-01 1.170028E-02
5.838303E-01 1.170229E-02
5.838284E-01 1.170430E-02
5.838275E-01 1.170631E-02
5.838272E-01 1.170833E-02
5.838245E-01 1.171034E-02
5.838222E-01 1.171235E-02
5.838209E-01 1.171436E-02
5.838175E-01 1.171637E-02
5.838137E-01 1.171838E-02
5.838114E-01 1.172039E-02
5.838073E-01 1.172240E-02
5.838021E-01 1.172441E-02
5.837986E-01 1.172642E-02
5.837940E-01 1.172843E-02
5.837876E-01 1.173044E-02
5.837827E-01 1.173245E-02
5.837776E-01 1.173446E-02
5.837703E-01 1.173647E-02
5.837639E-01 1.173848E-02
5.837582E-01 1.174049E-02
5.837502E-01 1.174250E-02
5.837424E-01 1.174451E-02
5.837359E-01 1.174651E-02
5.837275E-01 1.174852E-02
5.837184E-01 1.175053E-02
5.837110E-01 1.175254E-02
5.837022E-01 1.175455E-02
5.836916E-01 1.175656E-02
5.836825E-01 1.175856E-02
5.836730E-01 1.176057E-02
5.836615E-01 1.176258E-02
5.836512E-01 1.176458E-02
5.836415E-01 1.176659E-02
5.836297E-01 1.176860E-02
5.836181E-01 1.177060E-02
5.836080E-01 1.177261E-02
5.835962E-01 1.177462E-02
5.835837E-01 1.177662E-02
5.835730E-01 1.177863E-02
5.835613E-01 1.178063E-02
5.835481E-01 1.178264E-02
5.835364E-01 1.178464E-02
5.835244E-01 1.178665E-02
5.835103E-01 1.178865E-02
5.834974E-01 1.179065E-02
5.834854E-01 1.179266E-02
5.834715E-01 1.179466E-02
5.834578E-01 1.179666E-02
5.834458E-01 1.179867E-02
5.834324E-01 1.180067E-02
5.834181E-01 1.180267E-02
5.834055E-01 1.180467E-02
5.833922E-01 1.180667E-02
5.833773E-01 1.180867E-02
5.833639E-01 1.181068E-02
5.833512E-01 1.181268E-02
5.833366E-01 1.181468E-02
5.833228E-01 1.181668E-02
5.833106E-01 1.181868E-02
5.832965E-01 1.182068E-02
5.832819E-01 1.182267E-02
5.832693E-01 1.182467E-02
5.832559E-01 1.182667E-02
5.832413E-01 1.182867E-02
5.832287E-01 1.183067E-02
5.832164E-01 1.183266E-02
5.832020E-01 1.183466E-02
5.831887E-01 1.183666E-02
5.831768E-01 1.183866E-02
5.831632E-01 1.184065E-02
5.831499E-01 1.184265E-02
5.831382E-01 1.184464E-02
5.831255E-01 1.184664E-02
5.831119E-01 1.184864E-02
5.831006E-01 1.185063E-02
5.830892E-01 1.185263E-02
5.830760E-01 1.185462E-02
5.830643E-01 1.185661E-02
5.830539E-01 1.185861E-02
5.830419E-01 1.186060E-02
5.830304E-01 1.186260E-02
5.830206E-01 1.186459E-02
5.830096E-01 1.186658E-02
5.829983E-01 1.186857E-02
5.829892E-01 1.187057E-02
5.829799E-01 1.187256E-02
5.829691E-01 1.187455E-02
5.829601E-01 1.187654E-02
5.829521E-01 1.187854E-02
5.829427E-01 1.188053E-02
5.829341E-01 1.188252E-02
5.829271E-01 1.188451E-02
5.829190E-01 1.188650E-02
5.829107E-01 1.188849E-02
5.829044E-01 1.189048E-02
5.828978E-01 1.189247E-02
5.828902E-01 1.189446E-02
5.828846E-01 1.189645E-02
5.828800E-01 1.189844E-02
5.828735E-01 1.190043E-02
5.828682E-01 1.190242E-02
5.828648E-01 1.190441E-02
5.828599E-01 1.190640E-02
5.828550E-01 1.190839E-02
5.828524E-01 1.191038E-02
5.828493E-01 1.191237E-02
5.828451E-01 1.191436E-02
5.828431E-01 1.191635E-02
5.828418E-01 1.191834E-02
5.828388E-01 1.192033E-02
5.828371E-01 1.192232E-02
5.828372E-01 1.192431E-02
5.828359E-01 1.192630E-02
5.828346E-01 1.192829E-02
5.828358E-01 1.193028E-02
5.828363E-01 1.193226E-02
5.828359E-01 1.193425E-02
5.828377E-01 1.193624E-02
5.828400E-01 1.193823E-02
5.828408E-01 1.194022E-02
5.828431E-01 1.194221E-02
5.828470E-01 1.194420E-02
5.828494E-01 1.194619E-02
5.828521E-01 1.194818E-02
5.828571E-01 1.195017E-02
5.828614E-01 1.195216E-02
5.828646E-01 1.195415E-02
5.828698E-01 1.195614E-02
5.828757E-01 1.195813E-02
5.828801E-01 1.196012E-02
5.828858E-01 1.196211E-02
5.828931E-01 1.196410E-02
5.828991E-01 1.196609E-02
5.829053E-01 1.196808E-02
5.829135E-01 1.197007E-02
5.829208E-01 1.197206E-02
5.829273E-01 1.197405E-02
5.829361E-01 1.197604E-02
5.829452E-01 1.197803E-02
5.829527E-01 1.198003E-02
5.829618E-01 1.198202E-02
5.829724E-01 1.198401E-02
5.829812E-01 1.198600E-02
5.829902E-01 1.198799E-02
5.830013E-01 1.198999E-02
5.830117E-01 1.199198E-02
5.830212E-01 1.199397E-02
5.830327E-01 1.199597E-02
5.830442E-01 1.199796E-02
5.830540E-01 1.199995E-02
5.830651E-01 1.200195E-02
5.830777E-01 1.200394E-02
5.830888E-01 1.200594E-02
5.831000E-01 1.200793E-02
5.831130E-01 1.200993E-02
5.831250E-01 1.201192E-02
5.831363E-01 1.201392E-02
5.831497E-01 1.201591E-02
5.831630E-01 1.201791E-02
5.831746E-01 1.201991E-02
5.831874E-01 1.202190E-02
5.832013E-01 1.202390E-02
5.832134E-01 1.202590E-02
5.832260E-01 1.202789E-02
5.832405E-01 1.202989E-02
5.832537E-01 1.203189E-02
5.832659E-01 1.203389E-02
5.832799E-01 1.203589E-02
5.832936E-01 1.203789E-02
5.833056E-01 1.203989E-02
5.833189E-01 1.204189E-02
5.833333E-01 1.204389E-02
5.833460E-01 1.204589E-02
5.833588E-01 1.204789E-02
5.833733E-01 1.204989E-02
5.833863E-01 1.205189E-02
5.833983E-01 1.205389E-02
5.834121E-01 1.205589E-02
5.834254E-01 1.205789E-02
5.834373E-01 1.205989E-02
5.834506E-01 1.206190E-02
5.834646E-01 1.206390E-02
5.834765E-01 1.206590E-02
5.834887E-01 1.206791E-02
5.835023E-01 1.206991E-02
5.835143E-01 1.207191E-02
5.835254E-01 1.207392E-02
5.835381E-01 1.207592E-02
5.835502E-01 1.207793E-02
5.835604E-01 1.207993E-02
5.835720E-01 1.208194E-02
5.835839E-01 1.208394E-02
5.835937E-01 1.208595E-02
5.836039E-01 1.208795E-02
5.836157E-01 1.208996E-02
5.836259E-01 1.209197E-02
5.836353E-01 1.209397E-02
5.836464E-01 1.209598E-02
5.836565E-01 1.209799E-02
5.836648E-01 1.209999E-02
5.836745E-01 1.210200E-02
5.836843E-01 1.210401E-02
5.836919E-01 1.210601E-02
5.837000E-01 1.210802E-02
5.837092E-01 1.211003E-02
5.837165E-01 1.211204E-02
5.837231E-01 1.211405E-02
5.837312E-01 1.211606E-02
5.837382E-01 1.211806E-02
5.837435E-01 1.212007E-02
5.837502E-01 1.212208E-02
5.837569E-01 1.212409E-02
5.837613E-01 1.212610E-02
5.837663E-01 1.212811E-02
5.837723E-01 1.213012E-02
5.837762E-01 1.213213E-02
5.837795E-01 1.213414E-02
5.837844E-01 1.213615E-02
5.837879E-01 1.213816E-02
5.837899E-01 1.214017E-02
5.837933E-01 1.214218E-02
5.837964E-01 1.214419E-02
5.837974E-01 1.214620E-02
5.837991E-01 1.214821E-02
5.838016E-01 1.215022E-02
5.838020E-01 1.215223E-02
5.838018E-01 1.215424E-02
5.838028E-01 1.215625E-02
5.838023E-01 1.215826E-02
5.838002E-01 1.216027E-02
5.837996E-01 1.216228E-02
5.837987E-01 1.216429E-02
5.837957E-01 1.216630E-02
5.837933E-01 1.216831E-02
5.837919E-01 1.217032E-02
5.837883E-01 1.217233E-02
5.837844E-01 1.217434E-02
5.837819E-01 1.217635E-02
5.837781E-01 1.217836E-02
5.837728E-01 1.218037E-02
5.837686E-01 1.218238E-02
5.837641E-01 1.218439E-02
5.837574E-01 1.218640E-02
5.837514E-01 1.218841E-02
5.837463E-01 1.219042E-02
5.837393E-01 1.219242E-02
5.837318E-01 1.219443E-02
5.837259E-01 1.219644E-02
5.837188E-01 1.219845E-02
5.837102E-01 1.220046E-02
5.837028E-01 1.220247E-02
5.836950E-01 1.220447E-02
5.836853E-01 1.220648E-02
5.836762E-01 1.220849E-02
5.836683E-01 1.221050E-02
5.836584E-01 1.221250E-02
5.836481E-01 1.221451E-02
5.836395E-01 1.221652E-02
5.836295E-01 1.221852E-02
5.836179E-01 1.222053E-02
5.836078E-01 1.222254E-02
5.835977E-01 1.222454E-02
5.835856E-01 1.222655E-02
5.835742E-01 1.222855E-02
5.835636E-01 1.223056E-02
5.835511E-01 1.223256E-02
5.835384E-01 1.223457E-02
5.835274E-01 1.223657E-02
5.835155E-01 1.223858E-02
5.835021E-01 1.224058E-02
5.834901E-01 1.224258E-02
5.834781E-01 1.224459E-02
5.834642E-01 1.224659E-02
5.834513E-01 1.224859E-02
5.834395E-01 1.225060E-02
5.834258E-01 1.225260E-02
5.834116E-01 1.225460E-02
5.833993E-01 1.225660E-02
5.833862E-01 1.225860E-02
5.833718E-01 1.226060E-02
5.833588E-01 1.226260E-02
5.833460E-01 1.226460E-02
5.833315E-01 1.226660E-02
5.833179E-01 1.226860E-02
5.833057E-01 1.227060E-02
5.832916E-01 1.227260E-02
5.832772E-01 1.227460E-02
5.832649E-01 1.227660E-02
5.832518E-01 1.227860E-02
5.832376E-01 1.228060E-02
5.832249E-01 1.228260E-02
5.832125E-01 1.228459E-02
5.831984E-01 1.228659E-02
5.831852E-01 1.228859E-02
5.831732E-01 1.229058E-02
5.831598E-01 1.229258E-02
5.831463E-01 1.229458E-02
5.831345E-01 1.229657E-02
5.831221E-01 1.229857E-02
5.831087E-01 1.230056E-02
5.830973E-01 1.230256E-02
5.830863E-01 1.230455E-02
5.830734E-01 1.230655E-02
5.830618E-01 1.230854E-02
5.830517E-01 1.231054E-02
5.830398E-01 1.231253E-02
5.830281E-01 1.231452E-02
5.830185E-01 1.231652E-02
5.830080E-01 1.231851E-02
5.829966E-01 1.232050E-02
5.829872E-01 1.232249E-02
5.829782E-01 1.232449E-02
5.829675E-01 1.232648E-02
5.829582E-01 1.232847E-02
5.829505E-01 1.233046E-02
5.829411E-01 1.233245E-02
5.829320E-01 1.233445E-02
5.829251E-01 1.233644E-02
5.829173E-01 1.233843E-02
5.829087E-01 1.234042E-02
5.829024E-01 1.234241E-02
5.828963E-01 1.234440E-02
5.828886E-01 1.234639E-02
5.828823E-01 1.234838E-02
5.828772E-01 1.235037E-02
5.828709E-01 1.235236E-02
5.828651E-01 1.235435E-02
5.828612E-01 1.235634E-02
5.828566E-01 1.235833E-02
5.828515E-01 1.236032E-02
5.828485E-01 1.236231E-02
5.828454E-01 1.236430E-02
5.828409E-01 1.236629E-02
5.828383E-01 1.236828E-02
5.828370E-01 1.237027E-02
5.828341E-01 1.237225E-02
5.828320E-01 1.237424E-02
5.828321E-01 1.237623E-02
5.828311E-01 1.237822E-02
5.828295E-01 1.238021E-02
5.828301E-01 1.238220E-02
5.828308E-01 1.238419E-02
5.828304E-01 1.238618E-02
5.828318E-01 1.238817E-02
5.828341E-01 1.239016E-02
5.828347E-01 1.239215E-02
5.828365E-01 1.239413E-02
5.828403E-01 1.239612E-02
5.828428E-01 1.239811E-02
5.828451E-01 1.240010E-02
5.828496E-01 1.240209E-02
5.828538E-01 1.240408E-02
5.828572E-01 1.240607E-02
5.828625E-01 1.240806E-02
5.828684E-01 1.241005E-02
5.828727E-01 1.241204E-02
5.828781E-01 1.241403E-02
5.828851E-01 1.241602E-02
5.828910E-01 1.241801E-02
5.828971E-01 1.242000E-02
5.829053E-01 1.242199E-02
5.829128E-01 1.242398E-02
5.829192E-01 1.242597E-02
5.829277E-01 1.242796E-02
5.829366E-01 1.242996E-02
5.829442E-01 1.243195E-02
5.829533E-01 1.243394E-02
5.829637E-01 1.243593E-02
5.829724E-01 1.243792E-02
5.829815E-01 1.243992E-02
5.829925E-01 1.244191E-02
5.830027E-01 1.244390E-02
5.830124E-01 1.244589E-02
5.830243E-01 1.244789E-02
5.830360E-01 1.244988E-02
5.830461E-01 1.245187E-02
5.830580E-01 1.245387E-02
5.830706E-01 1.245586E-02
5.830814E-01 1.245786E-02
5.830930E-01 1.245985E-02
5.831062E-01 1.246185E-02
5.831182E-01 1.246384E-02
5.831302E-01 1.246584E-02
5.831442E-01 1.246783E-02
5.831575E-01 1.246983E-02
5.831696E-01 1.247182E-02
5.831834E-01 1.247382E-02
5.831975E-01 1.247582E-02
5.832099E-01 1.247781E-02
5.832233E-01 1.247981E-02
5.832379E-01 1.248181E-02
5.832508E-01 1.248381E-02
5.832638E-01 1.248581E-02
5.832785E-01 1.248780E-02
5.832922E-01 1.248980E-02
5.833053E-01 1.249180E-02
5.833204E-01 1.249380E-02
5.833351E-01 1.249580E-02
5.833482E-01 1.249780E-02
5.833627E-01 1.249980E-02
5.833779E-01 1.250180E-02
5.833911E-01 1.250381E-02
5.834048E-01 1.250581E-02
5.834201E-01 1.250781E-02
5.834335E-01 1.250981E-02
5.834466E-01 1.251181E-02
5.834615E-01 1.251382E-02
5.834753E-01 1.251582E-02
5.834878E-01 1.251782E-02
5.835020E-01 1.251982E-02
5.835161E-01 1.252183E-02
5.835282E-01 1.252383E-02
5.835415E-01 1.252584E-02
5.835555E-01 1.252784E-02
5.835676E-01 1.252985E-02
5.835798E-01 1.253185E-02
5.835935E-01 1.253386E-02
5.836056E-01 1.253586E-02
5.836168E-01 1.253787E-02
5.836298E-01 1.253988E-02
5.836420E-01 1.254188E-02
5.836524E-01 1.254389E-02
5.836644E-01 1.254590E-02
5.836764E-01 1.254790E-02
5.836863E-01 1.254991E-02
5.836970E-01 1.255192E-02
5.837086E-01 1.255393E-02
5.837183E-01 1.255594E-02
5.837276E-01 1.255794E-02
5.837383E-01 1.255995E-02
5.837474E-01 1.256196E-02
5.837549E-01 1.256397E-02
5.837638E-01 1.256598E-02
5.837726E-01 1.256799E-02
5.837792E-01 1.257000E-02
5.837865E-01 1.257201E-02
5.837948E-01 1.257402E-02
5.838010E-01 1.257603E-02
5.838067E-01 1.257804E-02
5.838140E-01 1.258005E-02
5.838200E-01 1.258206E-02
5.838244E-01 1.258407E-02
5.838301E-01 1.258608E-02
5.838358E-01 1.258809E-02
5.838393E-01 1.259010E-02
5.838429E-01 1.259211E-02
5.838473E-01 1.259413E-02
5.838498E-01 1.259614E-02
5.838515E-01 1.259815E-02
5.838547E-01 1.260016E-02
5.838570E-01 1.260217E-02
5.838575E-01 1.260418E-02
5.838590E-01 1.260619E-02
5.838606E-01 1.260820E-02
5.838598E-01 1.261022E-02
5.838590E-01 1.261223E-02
5.838594E-01 1.261424E-02
5.838582E-01 1.261625E-02
5.838558E-01 1.261826E-02
5.838549E-01 1.262027E-02
5.838535E-01 1.262228E-02
5.838500E-01 1.262430E-02
5.838469E-01 1.262631E-02
5.838444E-01 1.262832E-02
5.838399E-01 1.263033E-02
5.838350E-01 1.263234E-02
5.838315E-01 1.263435E-02
5.838270E-01 1.263636E-02
5.838205E-01 1.263837E-02
5.838151E-01 1.264038E-02
5.838097E-01 1.264239E-02
5.838023E-01 1.264440E-02
5.837951E-01 1.264641E-02
5.837890E-01 1.264842E-02
5.837810E-01 1.265043E-02
5.837718E-01 1.265244E-02
5.837642E-01 1.265445E-02
5.837562E-01 1.265646E-02
5.837463E-01 1.265847E-02
5.837372E-01 1.266048E-02
5.837287E-01 1.266249E-02
5.837181E-01 1.266450E-02
5.837070E-01 1.266651E-02
5.836974E-01 1.266851E-02
5.836865E-01 1.267052E-02
5.836740E-01 1.267253E-02
5.836629E-01 1.267454E-02
5.836522E-01 1.267654E-02
5.836393E-01 1.267855E-02
5.836264E-01 1.268056E-02
5.836149E-01 1.268256E-02
5.836021E-01 1.268457E-02
5.835882E-01 1.268657E-02
5.835758E-01 1.268858E-02
5.835630E-01 1.269058E-02
5.835484E-01 1.269259E-02
5.835345E-01 1.269459E-02
5.835216E-01 1.269660E-02
5.835068E-01 1.269860E-02
5.834916E-01 1.270061E-02
5.834782E-01 1.270261E-02
5.834642E-01 1.270461E-02
5.834484E-01 1.270661E-02
5.834338E-01 1.270862E-02
5.834200E-01 1.271062E-02
5.834043E-01 1.271262E-02
5.833884E-01 1.271462E-02
5.833743E-01 1.271662E-02
5.833592E-01 1.271862E-02
5.833427E-01 1.272062E-02
5.833278E-01 1.272262E-02
5.833133E-01 1.272462E-02
5.832970E-01 1.272662E-02
5.832811E-01 1.272862E-02
5.832668E-01 1.273062E-02
5.832512E-01 1.273262E-02
5.832347E-01 1.273462E-02
5.832201E-01 1.273662E-02
5.832055E-01 1.273861E-02
5.831891E-01 1.274061E-02
5.831738E-01 1.274261E-02
5.831599E-01 1.274460E-02
5.831444E-01 1.274660E-02
5.831286E-01 1.274859E-02
5.831149E-01 1.275059E-02
5.831007E-01 1.275259E-02
5.830851E-01 1.275458E-02
5.830710E-01 1.275657E-02
5.830580E-01 1.275857E-02
5.830433E-01 1.276056E-02
5.830289E-01 1.276256E-02
5.830166E-01 1.276455E-02
5.830034E-01 1.276654E-02
5.829892E-01 1.276853E-02
5.829766E-01 1.277053E-02
5.829645E-01 1.277252E-02
5.829511E-01 1.277451E-02
5.829385E-01 1.277650E-02
5.829275E-01 1.277849E-02
5.829156E-01 1.278048E-02
5.829034E-01 1.278248E-02
5.828930E-01 1.278447E-02
5.828827E-01 1.278646E-02
5.828708E-01 1.278845E-02
5.828604E-01 1.279044E-02
5.828517E-01 1.279243E-02
5.828415E-01 1.279442E-02
5.828312E-01 1.279640E-02
5.828229E-01 1.279839E-02
5.828145E-01 1.280038E-02
5.828052E-01 1.280237E-02
5.827974E-01 1.280436E-02
5.827907E-01 1.280635E-02
5.827825E-01 1.280834E-02
5.827748E-01 1.281032E-02
5.827695E-01 1.281231E-02
5.827635E-01 1.281430E-02
5.827565E-01 1.281629E-02
5.827515E-01 1.281827E-02
5.827473E-01 1.282026E-02
5.827419E-01 1.282225E-02
5.827375E-01 1.282424E-02
5.827348E-01 1.282622E-02
5.827311E-01 1.282821E-02
5.827271E-01 1.283020E-02
5.827255E-01 1.283218E-02
5.827242E-01 1.283417E-02
5.827215E-01 1.283616E-02
5.827201E-01 1.283814E-02
5.827202E-01 1.284013E-02
5.827191E-01 1.284212E-02
5.827182E-01 1.284410E-02
5.827197E-01 1.284609E-02
5.827210E-01 1.284808E-02
5.827212E-01 1.285006E-02
5.827230E-01 1.285205E-02
5.827259E-01 1.285404E-02
5.827274E-01 1.285602E-02
5.827294E-01 1.285801E-02
5.827335E-01 1.286000E-02
5.827374E-01 1.286198E-02
5.827405E-01 1.286397E-02
5.827455E-01 1.286596E-02
5.827512E-01 1.286794E-02
5.827555E-01 1.286993E-02
5.827606E-01 1.287192E-02
5.827676E-01 1.287391E-02
5.827735E-01 1.287590E-02
5.827790E-01 1.287788E-02
5.827866E-01 1.287987E-02
5.827948E-01 1.288186E-02
5.828017E-01 1.288385E-02
5.828100E-01 1.288584E-02
5.828197E-01 1.288782E-02
5.828281E-01 1.288981E-02
5.828365E-01 1.289180E-02
5.828469E-01 1.289379E-02
5.828570E-01 1.289578E-02
5.828659E-01 1.289777E-02
5.828765E-01 1.289976E-02
5.828881E-01 1.290175E-02
5.828981E-01 1.290374E-02
5.829087E-01 1.290573E-02
5.829211E-01 1.290772E-02
5.829327E-01 1.290971E-02
5.829438E-01 1.291171E-02
5.829570E-01 1.291370E-02
5.829706E-01 1.291569E-02
5.829827E-01 1.291768E-02
5.829958E-01 1.291967E-02
5.830103E-01 1.292167E-02
5.830237E-01 1.292366E-02
5.830366E-01 1.292565E-02
5.830514E-01 1.292765E-02
5.830661E-01 1.292964E-02
5.830793E-01 1.293164E-02
5.830939E-01 1.293363E-02
5.831096E-01 1.293563E-02
5.831237E-01 1.293762E-02
5.831378E-01 1.293962E-02
5.831539E-01 1.294161E-02
5.831691E-01 1.294361E-02
5.831832E-01 1.294560E-02
5.831989E-01 1.294760E-02
5.832151E-01 1.294960E-02
5.832296E-01 1.295160E-02
5.832447E-01 1.295359E-02
5.832613E-01 1.295559E-02
5.832767E-01 1.295759E-02
5.832913E-01 1.295959E-02
5.833076E-01 1.296159E-02
5.833239E-01 1.296359E-02
5.833384E-01 1.296559E-02
5.833540E-01 1.296759E-02
5.833707E-01 1.296959E-02
5.833857E-01 1.297159E-02
5.834005E-01 1.297359E-02
5.834170E-01 1.297559E-02
5.834326E-01 1.297760E-02
5.834465E-01 1.297960E-02
5.834616E-01 1.298160E-02
5.834771E-01 1.298360E-02
5.834908E-01 1.298561E-02
5.835048E-01 1.298761E-02
5.835203E-01 1.298961E-02
5.835343E-01 1.299162E-02
5.835474E-01 1.299362E-02
5.835621E-01 1.299563E-02
5.835766E-01 1.299763E-02
5.835892E-01 1.299964E-02
5.836026E-01 1.300164E-02
5.836171E-01 1.300365E-02
5.836296E-01 1.300566E-02
5.836412E-01 1.300766E-02
5.836544E-01 1.300967E-02
5.836667E-01 1.301168E-02
5.836774E-01 1.301368E-02
5.836892E-01 1.301569E-02
5.837015E-01 1.301770E-02
5.837119E-01 1.301971E-02
5.837222E-01 1.302172E-02
5.837339E-01 1.302373E-02
5.837442E-01 1.302573E-02
5.837529E-01 1.302774E-02
5.837628E-01 1.302975E-02
5.837726E-01 1.303176E-02
5.837804E-01 1.303377E-02
5.837886E-01 1.303578E-02
5.837980E-01 1.303779E-02
5.838056E-01 1.303980E-02
5.838123E-01 1.304181E-02
5.838202E-01 1.304382E-02
5.838273E-01 1.304583E-02
5.838325E-01 1.304784E-02
5.838384E-01 1.304985E-02
5.838451E-01 1.305187E-02
5.838498E-01 1.305388E-02
5.838540E-01 1.305589E-02
5.838593E-01 1.305790E-02
5.838634E-01 1.305991E-02
5.838658E-01 1.306192E-02
5.838693E-01 1.306393E-02
5.838731E-01 1.306595E-02
5.838746E-01 1.306796E-02
5.838757E-01 1.306997E-02
5.838781E-01 1.307198E-02
5.838792E-01 1.307399E-02
5.838788E-01 1.307600E-02
5.838798E-01 1.307802E-02
5.838807E-01 1.308003E-02
5.838792E-01 1.308204E-02
5.838778E-01 1.308405E-02
5.838776E-01 1.308606E-02
5.838757E-01 1.308808E-02
5.838727E-01 1.309009E-02
5.838709E-01 1.309210E-02
5.838684E-01 1.309411E-02
5.838639E-01 1.309612E-02
5.838600E-01 1.309813E-02
5.838566E-01 1.310015E-02
5.838513E-01 1.310216E-02
5.838454E-01 1.310417E-02
5.838409E-01 1.310618E-02
5.838356E-01 1.310819E-02
5.838282E-01 1.311020E-02
5.838217E-01 1.311221E-02
5.838158E-01 1.311422E-02
5.838079E-01 1.311623E-02
5.837998E-01 1.311824E-02
5.837929E-01 1.312025E-02
5.837846E-01 1.312226E-02
5.837749E-01 1.312427E-02
5.837663E-01 1.312628E-02
5.837577E-01 1.312829E-02
5.837471E-01 1.313030E-02
5.837366E-01 1.313231E-02
5.837272E-01 1.313432E-02
5.837163E-01 1.313633E-02
5.837044E-01 1.313833E-02
5.836940E-01 1.314034E-02
5.836834E-01 1.314235E-02
5.836707E-01 1.314436E-02
5.836586E-01 1.314637E-02
5.836476E-01 1.314837E-02
5.836347E-01 1.315038E-02
5.836211E-01 1.315239E-02
5.836091E-01 1.315439E-02
5.835965E-01 1.315640E-02
5.835819E-01 1.315840E-02
5.835685E-01 1.316041E-02
5.835559E-01 1.316241E-02
5.835413E-01 1.316442E-02
5.835264E-01 1.316642E-02
5.835133E-01 1.316843E-02
5.834992E-01 1.317043E-02
5.834835E-01 1.317243E-02
5.834692E-01 1.317444E-02
5.834555E-01 1.317644E-02
5.834398E-01 1.317844E-02
5.834242E-01 1.318044E-02
5.834099E-01 1.318245E-02
5.833944E-01 1.318445E-02
5.833781E-01 1.318645E-02
5.833633E-01 1.318845E-02
5.833485E-01 1.319045E-02
5.833321E-01 1.319245E-02
5.833165E-01 1.319445E-02
5.833021E-01 1.319645E-02
5.832864E-01 1.319845E-02
5.832702E-01 1.320045E-02
5.832557E-01 1.320245E-02
5.832407E-01 1.320444E-02
5.832241E-01 1.320644E-02
5.832088E-01 1.320844E-02
5.831947E-01 1.321044E-02
5.831789E-01 1.321243E-02
5.831630E-01 1.321443E-02
5.831488E-01 1.321643E-02
5.831340E-01 1.321842E-02
5.831182E-01 1.322042E-02
5.831039E-01 1.322241E-02
5.830902E-01 1.322441E-02
5.830747E-01 1.322640E-02
5.830599E-01 1.322840E-02
5.830470E-01 1.323039E-02
5.830331E-01 1.323238E-02
5.830182E-01 1.323438E-02
5.830052E-01 1.323637E-02
5.829925E-01 1.323836E-02
5.829785E-01 1.324035E-02
5.829656E-01 1.324235E-02
5.829541E-01 1.324434E-02
5.829412E-01 1.324633E-02
5.829281E-01 1.324832E-02
5.829173E-01 1.325031E-02
5.829064E-01 1.325230E-02
5.828941E-01 1.325429E-02
5.828832E-01 1.325628E-02
5.828736E-01 1.325827E-02
5.828627E-01 1.326026E-02
5.828523E-01 1.326225E-02
5.828438E-01 1.326424E-02
5.828346E-01 1.326623E-02
5.828245E-01 1.326822E-02
5.828162E-01 1.327021E-02
5.828085E-01 1.327220E-02
5.827994E-01 1.327419E-02
5.827913E-01 1.327618E-02
5.827852E-01 1.327816E-02
5.827782E-01 1.328015E-02
5.827707E-01 1.328214E-02
5.827653E-01 1.328413E-02
5.827601E-01 1.328611E-02
5.827535E-01 1.328810E-02
5.827484E-01 1.329009E-02
5.827452E-01 1.329208E-02
5.827407E-01 1.329406E-02
5.827362E-01 1.329605E-02
5.827339E-01 1.329804E-02
5.827313E-01 1.330002E-02
5.827276E-01 1.330201E-02
5.827257E-01 1.330400E-02
5.827247E-01 1.330599E-02
5.827224E-01 1.330797E-02
5.827209E-01 1.330996E-02
5.827217E-01 1.331195E-02
5.827218E-01 1.331393E-02
5.827213E-01 1.331592E-02
5.827228E-01 1.331791E-02
5.827248E-01 1.331989E-02
5.827255E-01 1.332188E-02
5.827274E-01 1.332387E-02
5.827309E-01 1.332585E-02
5.827332E-01 1.332784E-02
5.827355E-01 1.332983E-02
5.827400E-01 1.333181E-02
5.827442E-01 1.333380E-02
5.827474E-01 1.333579E-02
5.827523E-01 1.333777E-02
5.827583E-01 1.333976E-02
5.827629E-01 1.334175E-02
5.827682E-01 1.334374E-02
5.827758E-01 1.334573E-02
5.827828E-01 1.334771E-02
5.827892E-01 1.334970E-02
5.827976E-01 1.335169E-02
5.828064E-01 1.335368E-02
5.828138E-01 1.335567E-02
5.828225E-01 1.335766E-02
5.828328E-01 1.335964E-02
5.828418E-01 1.336163E-02
5.828507E-01 1.336362E-02
5.828618E-01 1.336561E-02
5.828726E-01 1.336760E-02
5.828822E-01 1.336959E-02
5.828936E-01 1.337158E-02
5.829059E-01 1.337357E-02
5.829167E-01 1.337556E-02
5.829282E-01 1.337755E-02
5.829415E-01 1.337955E-02
5.829538E-01 1.338154E-02
5.829656E-01 1.338353E-02
5.829793E-01 1.338552E-02
5.829932E-01 1.338751E-02
5.830057E-01 1.338951E-02
5.830194E-01 1.339150E-02
5.830345E-01 1.339349E-02
5.830481E-01 1.339549E-02
5.830617E-01 1.339748E-02
5.830774E-01 1.339948E-02
5.830924E-01 1.340147E-02
5.831063E-01 1.340346E-02
5.831218E-01 1.340546E-02
5.831376E-01 1.340746E-02
5.831517E-01 1.340945E-02
5.831664E-01 1.341145E-02
5.831827E-01 1.341344E-02
5.831978E-01 1.341544E-02
5.832124E-01 1.341744E-02
5.832288E-01 1.341944E-02
5.832450E-01 1.342143E-02
5.832598E-01 1.342343E-02
5.832758E-01 1.342543E-02
5.832928E-01 1.342743E-02
5.833082E-01 1.342943E-02
5.833237E-01 1.343143E-02
5.833410E-01 1.343343E-02
5.833572E-01 1.343543E-02
5.833721E-01 1.343743E-02
5.833885E-01 1.343943E-02
5.834049E-01 1.344143E-02
5.834196E-01 1.344343E-02
5.834352E-01 1.344544E-02
5.834520E-01 1.344744E-02
5.834672E-01 1.344944E-02
5.834820E-01 1.345144E-02
5.834985E-01 1.345345E-02
5.835144E-01 1.345545E-02
5.835286E-01 1.345745E-02
5.835438E-01 1.345946E-02
5.835594E-01 1.346146E-02
5.835733E-01 1.346347E-02
5.835872E-01 1.346547E-02
5.836026E-01 1.346748E-02
5.836169E-01 1.346949E-02
5.836299E-01 1.347149E-02
5.836442E-01 1.347350E-02
5.836586E-01 1.347551E-02
5.836708E-01 1.347751E-02
5.836833E-01 1.347952E-02
5.836970E-01 1.348153E-02
5.837094E-01 1.348354E-02
5.837207E-01 1.348554E-02
5.837333E-01 1.348755E-02
5.837457E-01 1.348956E-02
5.837558E-01 1.349157E-02
5.837664E-01 1.349358E-02
5.837781E-01 1.349559E-02
5.837883E-01 1.349760E-02
5.837972E-01 1.349961E-02
5.838073E-01 1.350162E-02
5.838170E-01 1.350363E-02
5.838248E-01 1.350564E-02
5.838331E-01 1.350765E-02
5.838425E-01 1.350966E-02
5.838502E-01 1.351167E-02
5.838567E-01 1.351369E-02
5.838644E-01 1.351570E-02
5.838715E-01 1.351771E-02
5.838768E-01 1.351972E-02
5.838827E-01 1.352173E-02
5.838893E-01 1.352374E-02
5.838938E-01 1.352576E-02
5.838975E-01 1.352777E-02
5.839025E-01 1.352978E-02
5.839070E-01 1.353179E-02
5.839095E-01 1.353381E-02
5.839123E-01 1.353582E-02
5.839158E-01 1.353783E-02
5.839175E-01 1.353984E-02
5.839182E-01 1.354186E-02
5.839200E-01 1.354387E-02
5.839212E-01 1.354588E-02
5.839205E-01 1.354789E-02
5.839205E-01 1.354991E-02
5.839211E-01 1.355192E-02
5.839196E-01 1.355393E-02
5.839173E-01 1.355595E-02
5.839163E-01 1.355796E-02
5.839144E-01 1.355997E-02
5.839105E-01 1.356198E-02
5.839073E-01 1.356400E-02
5.839050E-01 1.356601E-02
5.839008E-01 1.356802E-02
5.838956E-01 1.357003E-02
5.838916E-01 1.357205E-02
5.838871E-01 1.357406E-02
5.838805E-01 1.357607E-02
5.838743E-01 1.357808E-02
5.838690E-01 1.358009E-02
5.838619E-01 1.358210E-02
5.838537E-01 1.358412E-02
5.838468E-01 1.358613E-02
5.838394E-01 1.358814E-02
5.838300E-01 1.359015E-02
5.838211E-01 1.359216E-02
5.838130E-01 1.359417E-02
5.838033E-01 1.359618E-02
5.837925E-01 1.359819E-02
5.837830E-01 1.360020E-02
5.837731E-01 1.360221E-02
5.837613E-01 1.360422E-02
5.837499E-01 1.360623E-02
5.837395E-01 1.360824E-02
5.837275E-01 1.361025E-02
5.837145E-01 1.361226E-02
5.837028E-01 1.361426E-02
5.836909E-01 1.361627E-02
5.836771E-01 1.361828E-02
5.836637E-01 1.362029E-02
5.836515E-01 1.362229E-02
5.836377E-01 1.362430E-02
5.836229E-01 1.362631E-02
5.836093E-01 1.362831E-02
5.835954E-01 1.363032E-02
5.835797E-01 1.363232E-02
5.835648E-01 1.363433E-02
5.835508E-01 1.363633E-02
5.835354E-01 1.363834E-02
5.835192E-01 1.364034E-02
5.835045E-01 1.364235E-02
5.834895E-01 1.364435E-02
5.834727E-01 1.364635E-02
5.834563E-01 1.364836E-02
5.834414E-01 1.365036E-02
5.834251E-01 1.365236E-02
5.834079E-01 1.365436E-02
5.833920E-01 1.365636E-02
5.833761E-01 1.365837E-02
5.833587E-01 1.366037E-02
5.833419E-01 1.366237E-02
5.833264E-01 1.366437E-02
5.833097E-01 1.366637E-02
5.832923E-01 1.366837E-02
5.832765E-01 1.367036E-02
5.832608E-01 1.367236E-02
5.832433E-01 1.367436E-02
5.832263E-01 1.367636E-02
5.832106E-01 1.367836E-02
5.831940E-01 1.368035E-02
5.831767E-01 1.368235E-02
5.831609E-01 1.368435E-02
5.831455E-01 1.368634E-02
5.831283E-01 1.368834E-02
5.831118E-01 1.369033E-02
5.830971E-01 1.369233E-02
5.830815E-01 1.369432E-02
5.830649E-01 1.369632E-02
5.830498E-01 1.369831E-02
5.830353E-01 1.370031E-02
5.830191E-01 1.370230E-02
5.830035E-01 1.370429E-02
5.829899E-01 1.370628E-02
5.829755E-01 1.370828E-02
5.829602E-01 1.371027E-02
5.829465E-01 1.371226E-02
5.829333E-01 1.371425E-02
5.829187E-01 1.371624E-02
5.829047E-01 1.371823E-02
5.828928E-01 1.372022E-02
5.828801E-01 1.372222E-02
5.828666E-01 1.372421E-02
5.828547E-01 1.372619E-02
5.828436E-01 1.372818E-02
5.828310E-01 1.373017E-02
5.828189E-01 1.373216E-02
5.828087E-01 1.373415E-02
5.827980E-01 1.373614E-02
5.827867E-01 1.373813E-02
5.827772E-01 1.374012E-02
5.827685E-01 1.374210E-02
5.827585E-01 1.374409E-02
5.827489E-01 1.374608E-02
5.827413E-01 1.374807E-02
5.827331E-01 1.375005E-02
5.827240E-01 1.375204E-02
5.827166E-01 1.375403E-02
5.827103E-01 1.375601E-02
5.827030E-01 1.375800E-02
5.826964E-01 1.375999E-02
5.826917E-01 1.376197E-02
5.826865E-01 1.376396E-02
5.826805E-01 1.376594E-02
5.826762E-01 1.376793E-02
5.826729E-01 1.376991E-02
5.826684E-01 1.377190E-02
5.826644E-01 1.377389E-02
5.826623E-01 1.377587E-02
5.826599E-01 1.377786E-02
5.826566E-01 1.377984E-02
5.826550E-01 1.378183E-02
5.826546E-01 1.378381E-02
5.826528E-01 1.378580E-02
5.826516E-01 1.378778E-02
5.826524E-01 1.378977E-02
5.826532E-01 1.379175E-02
5.826533E-01 1.379374E-02
5.826552E-01 1.379572E-02
5.826582E-01 1.379771E-02
5.826600E-01 1.379969E-02
5.826622E-01 1.380168E-02
5.826665E-01 1.380366E-02
5.826704E-01 1.380565E-02
5.826735E-01 1.380764E-02
5.826783E-01 1.380962E-02
5.826842E-01 1.381161E-02
5.826888E-01 1.381359E-02
5.826940E-01 1.381558E-02
5.827012E-01 1.381756E-02
5.827079E-01 1.381955E-02
5.827138E-01 1.382154E-02
5.827215E-01 1.382352E-02
5.827302E-01 1.382551E-02
5.827377E-01 1.382750E-02
5.827456E-01 1.382948E-02
5.827555E-01 1.383147E-02
5.827650E-01 1.383346E-02
5.827736E-01 1.383545E-02
5.827840E-01 1.383744E-02
5.827953E-01 1.383942E-02
5.828053E-01 1.384141E-02
5.828156E-01 1.384340E-02
5.828276E-01 1.384539E-02
5.828390E-01 1.384738E-02
5.828494E-01 1.384937E-02
5.828617E-01 1.385136E-02
5.828748E-01 1.385335E-02
5.828866E-01 1.385534E-02
5.828988E-01 1.385733E-02
5.829130E-01 1.385932E-02
5.829265E-01 1.386131E-02
5.829392E-01 1.386330E-02
5.829536E-01 1.386529E-02
5.829687E-01 1.386728E-02
5.829825E-01 1.386928E-02
5.829967E-01 1.387127E-02
5.830128E-01 1.387326E-02
5.830281E-01 1.387526E-02
5.830424E-01 1.387725E-02
5.830582E-01 1.387924E-02
5.830744E-01 1.388124E-02
5.830891E-01 1.388323E-02
5.831044E-01 1.388523E-02
5.831214E-01 1.388722E-02
5.831375E-01 1.388922E-02
5.831528E-01 1.389121E-02
5.831697E-01 1.389321E-02
5.831871E-01 1.389521E-02
5.832030E-01 1.389720E-02
5.832194E-01 1.389920E-02
5.832374E-01 1.390120E-02
5.832541E-01 1.390320E-02
5.832697E-01 1.390519E-02
5.832870E-01 1.390719E-02
5.833046E-01 1.390919E-02
5.833205E-01 1.391119E-02
5.833371E-01 1.391319E-02
5.833552E-01 1.391519E-02
5.833720E-01 1.391719E-02
5.833880E-01 1.391919E-02
5.834053E-01 1.392119E-02
5.834225E-01 1.392320E-02
5.834381E-01 1.392520E-02
5.834543E-01 1.392720E-02
5.834719E-01 1.392920E-02
5.834881E-01 1.393121E-02
5.835035E-01 1.393321E-02
5.835201E-01 1.393521E-02
5.835365E-01 1.393722E-02
5.835512E-01 1.393922E-02
5.835666E-01 1.394123E-02
5.835831E-01 1.394323E-02
5.835979E-01 1.394524E-02
5.836117E-01 1.394725E-02
5.836270E-01 1.394925E-02
5.836422E-01 1.395126E-02
5.836555E-01 1.395326E-02
5.836695E-01 1.395527E-02
5.836846E-01 1.395728E-02
5.836980E-01 1.395929E-02
5.837102E-01 1.396130E-02
5.837239E-01 1.396330E-02
5.837374E-01 1.396531E-02
5.837491E-01 1.396732E-02
5.837610E-01 1.396933E-02
5.837738E-01 1.397134E-02
5.837852E-01 1.397335E-02
5.837954E-01 1.397536E-02
5.838071E-01 1.397737E-02
5.838185E-01 1.397938E-02
5.838277E-01 1.398139E-02
5.838372E-01 1.398340E-02
5.838477E-01 1.398541E-02
5.838567E-01 1.398742E-02
5.838642E-01 1.398944E-02
5.838729E-01 1.399145E-02
5.838817E-01 1.399346E-02
5.838886E-01 1.399547E-02
5.838954E-01 1.399748E-02
5.839031E-01 1.399950E-02
5.839095E-01 1.400151E-02
